[gd_scene load_steps=25 format=3 uid="uid://nd6mwqsse6b7"]

[ext_resource type="PackedScene" uid="uid://qbmx03iibuuu" path="res://addons/godot-xr-tools/staging/scene_base.tscn" id="1_o50af"]
[ext_resource type="Script" path="res://scripts/fight_scene.gd" id="2_rq05e"]
[ext_resource type="Resource" uid="uid://dre8esx3b3iti" path="res://assets/resources/shops/shops.tres" id="3_e25ur"]
[ext_resource type="PackedScene" uid="uid://cbbmrfk5dtgae" path="res://objects/tower_builder.tscn" id="4_m818r"]
[ext_resource type="PackedScene" uid="uid://dbl3doof0har8" path="res://assets/models/decorations/tree4.blend" id="7_i3uny"]
[ext_resource type="PackedScene" uid="uid://dyatxnnpjimpb" path="res://objects/static/clouds_handler.tscn" id="7_xqlvx"]
[ext_resource type="PackedScene" uid="uid://da683g4fit3oa" path="res://assets/models/decorations/tree3.blend" id="8_nsexp"]
[ext_resource type="PackedScene" uid="uid://bola1iyps8ip" path="res://assets/models/decorations/tree2.blend" id="9_0ow4n"]
[ext_resource type="PackedScene" uid="uid://ce5dnf0s4bf2l" path="res://assets/models/decorations/tree1.blend" id="10_xr0tx"]
[ext_resource type="Script" path="res://addons/free_look_camera/free_look_camera.gd" id="12_rqj5e"]
[ext_resource type="PackedScene" uid="uid://rhn3ly03pvy8" path="res://objects/components/music_changer.tscn" id="14_arnqq"]
[ext_resource type="PackedScene" uid="uid://bgm6f72n01ck" path="res://objects/wave_handler.tscn" id="14_o4yo6"]

[sub_resource type="AnimationNodeAnimation" id="AnimationNodeAnimation_chk44"]
animation = &"Grip"

[sub_resource type="AnimationNodeAnimation" id="AnimationNodeAnimation_p5712"]
animation = &"Grip"

[sub_resource type="AnimationNodeBlend2" id="AnimationNodeBlend2_dirrm"]
filter_enabled = true
filters = ["Armature/Skeleton3D:Little_Distal_L", "Armature/Skeleton3D:Little_Intermediate_L", "Armature/Skeleton3D:Little_Metacarpal_L", "Armature/Skeleton3D:Little_Proximal_L", "Armature/Skeleton3D:Middle_Distal_L", "Armature/Skeleton3D:Middle_Intermediate_L", "Armature/Skeleton3D:Middle_Metacarpal_L", "Armature/Skeleton3D:Middle_Proximal_L", "Armature/Skeleton3D:Ring_Distal_L", "Armature/Skeleton3D:Ring_Intermediate_L", "Armature/Skeleton3D:Ring_Metacarpal_L", "Armature/Skeleton3D:Ring_Proximal_L", "Armature/Skeleton3D:Thumb_Distal_L", "Armature/Skeleton3D:Thumb_Metacarpal_L", "Armature/Skeleton3D:Thumb_Proximal_L", "Armature/Skeleton:Little_Distal_L", "Armature/Skeleton:Little_Intermediate_L", "Armature/Skeleton:Little_Proximal_L", "Armature/Skeleton:Middle_Distal_L", "Armature/Skeleton:Middle_Intermediate_L", "Armature/Skeleton:Middle_Proximal_L", "Armature/Skeleton:Ring_Distal_L", "Armature/Skeleton:Ring_Intermediate_L", "Armature/Skeleton:Ring_Proximal_L", "Armature/Skeleton:Thumb_Distal_L", "Armature/Skeleton:Thumb_Proximal_L"]

[sub_resource type="AnimationNodeAnimation" id="AnimationNodeAnimation_6ahkl"]
animation = &"Grip 5"

[sub_resource type="AnimationNodeBlend2" id="AnimationNodeBlend2_rff6s"]
filter_enabled = true
filters = ["Armature/Skeleton3D:Index_Distal_L", "Armature/Skeleton3D:Index_Intermediate_L", "Armature/Skeleton3D:Index_Metacarpal_L", "Armature/Skeleton3D:Index_Proximal_L", "Armature/Skeleton:Index_Distal_L", "Armature/Skeleton:Index_Intermediate_L", "Armature/Skeleton:Index_Proximal_L"]

[sub_resource type="AnimationNodeBlendTree" id="AnimationNodeBlendTree_hag8u"]
graph_offset = Vector2(-536, 11)
nodes/ClosedHand1/node = SubResource("AnimationNodeAnimation_chk44")
nodes/ClosedHand1/position = Vector2(-600, 300)
nodes/ClosedHand2/node = SubResource("AnimationNodeAnimation_p5712")
nodes/ClosedHand2/position = Vector2(-360, 300)
nodes/Grip/node = SubResource("AnimationNodeBlend2_dirrm")
nodes/Grip/position = Vector2(0, 20)
nodes/OpenHand/node = SubResource("AnimationNodeAnimation_6ahkl")
nodes/OpenHand/position = Vector2(-600, 100)
nodes/Trigger/node = SubResource("AnimationNodeBlend2_rff6s")
nodes/Trigger/position = Vector2(-360, 20)
node_connections = [&"Grip", 0, &"Trigger", &"Grip", 1, &"ClosedHand2", &"Trigger", 0, &"OpenHand", &"Trigger", 1, &"ClosedHand1", &"output", 0, &"Grip"]

[sub_resource type="AnimationNodeAnimation" id="AnimationNodeAnimation_uecpc"]
animation = &"Grip"

[sub_resource type="AnimationNodeAnimation" id="AnimationNodeAnimation_nqt5y"]
animation = &"Grip"

[sub_resource type="AnimationNodeBlend2" id="AnimationNodeBlend2_8bva5"]
filter_enabled = true
filters = ["Armature/Skeleton3D:Little_Distal_R", "Armature/Skeleton3D:Little_Intermediate_R", "Armature/Skeleton3D:Little_Metacarpal_R", "Armature/Skeleton3D:Little_Proximal_R", "Armature/Skeleton3D:Middle_Distal_R", "Armature/Skeleton3D:Middle_Intermediate_R", "Armature/Skeleton3D:Middle_Metacarpal_R", "Armature/Skeleton3D:Middle_Proximal_R", "Armature/Skeleton3D:Ring_Distal_R", "Armature/Skeleton3D:Ring_Intermediate_R", "Armature/Skeleton3D:Ring_Metacarpal_R", "Armature/Skeleton3D:Ring_Proximal_R", "Armature/Skeleton3D:Thumb_Distal_R", "Armature/Skeleton3D:Thumb_Metacarpal_R", "Armature/Skeleton3D:Thumb_Proximal_R", "Armature/Skeleton:Little_Distal_R", "Armature/Skeleton:Little_Intermediate_R", "Armature/Skeleton:Little_Proximal_R", "Armature/Skeleton:Middle_Distal_R", "Armature/Skeleton:Middle_Intermediate_R", "Armature/Skeleton:Middle_Proximal_R", "Armature/Skeleton:Ring_Distal_R", "Armature/Skeleton:Ring_Intermediate_R", "Armature/Skeleton:Ring_Proximal_R", "Armature/Skeleton:Thumb_Distal_R", "Armature/Skeleton:Thumb_Proximal_R"]

[sub_resource type="AnimationNodeAnimation" id="AnimationNodeAnimation_0etq6"]
animation = &"Grip 5"

[sub_resource type="AnimationNodeBlend2" id="AnimationNodeBlend2_uh0iq"]
filter_enabled = true
filters = ["Armature/Skeleton3D:Index_Distal_R", "Armature/Skeleton3D:Index_Intermediate_R", "Armature/Skeleton3D:Index_Metacarpal_R", "Armature/Skeleton3D:Index_Proximal_R", "Armature/Skeleton:Index_Distal_R", "Armature/Skeleton:Index_Intermediate_R", "Armature/Skeleton:Index_Proximal_R"]

[sub_resource type="AnimationNodeBlendTree" id="AnimationNodeBlendTree_s7k5r"]
graph_offset = Vector2(-552.664, 107.301)
nodes/ClosedHand1/node = SubResource("AnimationNodeAnimation_uecpc")
nodes/ClosedHand1/position = Vector2(-600, 300)
nodes/ClosedHand2/node = SubResource("AnimationNodeAnimation_nqt5y")
nodes/ClosedHand2/position = Vector2(-360, 300)
nodes/Grip/node = SubResource("AnimationNodeBlend2_8bva5")
nodes/Grip/position = Vector2(0, 40)
nodes/OpenHand/node = SubResource("AnimationNodeAnimation_0etq6")
nodes/OpenHand/position = Vector2(-600, 100)
nodes/Trigger/node = SubResource("AnimationNodeBlend2_uh0iq")
nodes/Trigger/position = Vector2(-360, 40)
node_connections = [&"Grip", 0, &"Trigger", &"Grip", 1, &"ClosedHand2", &"Trigger", 0, &"OpenHand", &"Trigger", 1, &"ClosedHand1", &"output", 0, &"Grip"]

[node name="FightScene" instance=ExtResource("1_o50af")]
script = ExtResource("2_rq05e")
death_scene = "res://scenes/death_scene.tscn"
shops = ExtResource("3_e25ur")

[node name="DirectionalLight3D" type="DirectionalLight3D" parent="Environment" index="0"]
transform = Transform3D(-0.866024, -0.433016, 0.250001, 0, 0.499998, 0.866027, -0.500003, 0.75, -0.43301, 0, 0, 0)
shadow_enabled = true

[node name="DirectionalLight3D2" type="DirectionalLight3D" parent="Environment" index="1"]
transform = Transform3D(-0.866024, -0.433016, 0.249999, 9.24146e-07, -0.499997, -0.866027, 0.500002, -0.75, 0.43301, 0, 0, 0)
light_energy = 0.5

[node name="WorldEnvironment" parent="Environment" index="2"]
enabled = true

[node name="Floor" parent="Environment" index="3"]
transform = Transform3D(1, 0, 0, 0, 1, 0, 0, 0, 1, 0, -0.231885, 0)
collision_layer = 32

[node name="Decorations" type="Node3D" parent="Environment" index="4"]
transform = Transform3D(0.211699, 0, 0, 0, 0.211699, 0, 0, 0, 0.211699, 0, -0.231889, 0)

[node name="tree4" parent="Environment/Decorations" index="0" instance=ExtResource("7_i3uny")]
transform = Transform3D(1, 0, 0, 0, 1, 0, 0, 0, 1, -30.204, -0.231885, 19.5857)

[node name="tree33" parent="Environment/Decorations" index="1" instance=ExtResource("7_i3uny")]
transform = Transform3D(1, 0, 0, 0, 1, 0, 0, 0, 1, -52.0113, -4.21736, 54.114)

[node name="tree34" parent="Environment/Decorations" index="2" instance=ExtResource("7_i3uny")]
transform = Transform3D(1, 0, 0, 0, 1, 0, 0, 0, 1, 28.6759, -3.2536, -60.7381)

[node name="tree35" parent="Environment/Decorations" index="3" instance=ExtResource("7_i3uny")]
transform = Transform3D(1, 0, 0, 0, 1, 0, 0, 0, 1, -51.1463, -4.25032, -55.1802)

[node name="tree36" parent="Environment/Decorations" index="4" instance=ExtResource("7_i3uny")]
transform = Transform3D(1, 0, 0, 0, 1, 0, 0, 0, 1, -30.8727, -8.24994, -110.067)

[node name="tree37" parent="Environment/Decorations" index="5" instance=ExtResource("7_i3uny")]
transform = Transform3D(1, 0, 0, 0, 1, 0, 0, 0, 1, -96.5319, -22.9665, -143.133)

[node name="tree38" parent="Environment/Decorations" index="6" instance=ExtResource("7_i3uny")]
transform = Transform3D(1, 0, 0, 0, 1, 0, 0, 0, 1, 62.6562, -14.0189, -126.128)

[node name="tree39" parent="Environment/Decorations" index="7" instance=ExtResource("7_i3uny")]
transform = Transform3D(1, 0, 0, 0, 1, 0, 0, 0, 1, 108.476, -8.02499, 32.588)

[node name="tree40" parent="Environment/Decorations" index="8" instance=ExtResource("7_i3uny")]
transform = Transform3D(1, 0, 0, 0, 1, 0, 0, 0, 1, 160.891, -19.3259, 22.6985)

[node name="tree41" parent="Environment/Decorations" index="9" instance=ExtResource("7_i3uny")]
transform = Transform3D(1, 0, 0, 0, 1, 0, 0, 0, 1, 127.352, -22.0634, 112.921)

[node name="tree42" parent="Environment/Decorations" index="10" instance=ExtResource("7_i3uny")]
transform = Transform3D(1, 0, 0, 0, 1, 0, 0, 0, 1, 54.6642, -19.5244, 154.457)

[node name="tree43" parent="Environment/Decorations" index="11" instance=ExtResource("7_i3uny")]
transform = Transform3D(1, 0, 0, 0, 1, 0, 0, 0, 1, -62.5271, -10.1845, 109.954)

[node name="tree44" parent="Environment/Decorations" index="12" instance=ExtResource("7_i3uny")]
transform = Transform3D(1, 0, 0, 0, 1, 0, 0, 0, 1, -132.248, -12.2165, 26.8817)

[node name="tree45" parent="Environment/Decorations" index="13" instance=ExtResource("7_i3uny")]
transform = Transform3D(1, 0, 0, 0, 1, 0, 0, 0, 1, -164.39, -22.1967, -43.3342)

[node name="tree3" parent="Environment/Decorations" index="14" instance=ExtResource("8_nsexp")]
transform = Transform3D(1, 0, 0, 0, 1, 0, 0, 0, 1, -36.9652, -2.56692, -17.3158)

[node name="tree19" parent="Environment/Decorations" index="15" instance=ExtResource("8_nsexp")]
transform = Transform3D(1, 0, 0, 0, 1, 0, 0, 0, 1, 76.6737, -7.31757, -63.2755)

[node name="tree20" parent="Environment/Decorations" index="16" instance=ExtResource("8_nsexp")]
transform = Transform3D(1, 0, 0, 0, 1, 0, 0, 0, 1, 152.823, -16.9488, -27.1786)

[node name="tree21" parent="Environment/Decorations" index="17" instance=ExtResource("8_nsexp")]
transform = Transform3D(1, 0, 0, 0, 1, 0, 0, 0, 1, 136.506, -17.6848, -74.6485)

[node name="tree22" parent="Environment/Decorations" index="18" instance=ExtResource("8_nsexp")]
transform = Transform3D(1, 0, 0, 0, 1, 0, 0, 0, 1, 7.4469, -10.6041, -121.624)

[node name="tree23" parent="Environment/Decorations" index="19" instance=ExtResource("8_nsexp")]
transform = Transform3D(1, 0, 0, 0, 1, 0, 0, 0, 1, -46.4512, -22.3235, -160.688)

[node name="tree24" parent="Environment/Decorations" index="20" instance=ExtResource("8_nsexp")]
transform = Transform3D(1, 0, 0, 0, 1, 0, 0, 0, 1, -100.844, -10.261, -76.1319)

[node name="tree25" parent="Environment/Decorations" index="21" instance=ExtResource("8_nsexp")]
transform = Transform3D(1, 0, 0, 0, 1, 0, 0, 0, 1, -180.455, -26.6645, -8.38849)

[node name="tree26" parent="Environment/Decorations" index="22" instance=ExtResource("8_nsexp")]
transform = Transform3D(1, 0, 0, 0, 1, 0, 0, 0, 1, -145.347, -21.2091, -85.527)

[node name="tree27" parent="Environment/Decorations" index="23" instance=ExtResource("8_nsexp")]
transform = Transform3D(1, 0, 0, 0, 1, 0, 0, 0, 1, 104.364, -25.0221, -141.403)

[node name="tree28" parent="Environment/Decorations" index="24" instance=ExtResource("8_nsexp")]
transform = Transform3D(1, 0, 0, 0, 1, 0, 0, 0, 1, -154.247, -18.7446, 38.5869)

[node name="tree29" parent="Environment/Decorations" index="25" instance=ExtResource("8_nsexp")]
transform = Transform3D(1, 0, 0, 0, 1, 0, 0, 0, 1, -102.822, -17.5538, 113.253)

[node name="tree30" parent="Environment/Decorations" index="26" instance=ExtResource("8_nsexp")]
transform = Transform3D(1, 0, 0, 0, 1, 0, 0, 0, 1, 28.4968, -8.41136, 95.7753)

[node name="tree31" parent="Environment/Decorations" index="27" instance=ExtResource("8_nsexp")]
transform = Transform3D(1, 0, 0, 0, 1, 0, 0, 0, 1, 56.682, -2.24186, 13.6921)

[node name="tree2" parent="Environment/Decorations" index="28" instance=ExtResource("9_0ow4n")]
transform = Transform3D(1, 0, 0, 0, 1, 0, 0, 0, 1, -76.2528, -7.39665, -26.8245)

[node name="tree32" parent="Environment/Decorations" index="29" instance=ExtResource("9_0ow4n")]
transform = Transform3D(1, 0, 0, 0, 1, 0, 0, 0, 1, -27.5497, -5.93171, -44.6339)

[node name="tree1" parent="Environment/Decorations" index="30" instance=ExtResource("10_xr0tx")]
transform = Transform3D(1, 0, 0, 0, 1, 0, 0, 0, 1, 45.8039, -1.75774, -20.2569)

[node name="tree5" parent="Environment/Decorations" index="31" instance=ExtResource("10_xr0tx")]
transform = Transform3D(1, 0, 0, 0, 1, 0, 0, 0, 1, 20.0911, -2.6675, 39.5748)

[node name="tree6" parent="Environment/Decorations" index="32" instance=ExtResource("10_xr0tx")]
transform = Transform3D(1, 0, 0, 0, 1, 0, 0, 0, 1, 68.5499, -6.21174, 44.0251)

[node name="tree7" parent="Environment/Decorations" index="33" instance=ExtResource("10_xr0tx")]
transform = Transform3D(1, 0, 0, 0, 1, 0, 0, 0, 1, 101.185, -6.8042, -20.7514)

[node name="tree8" parent="Environment/Decorations" index="34" instance=ExtResource("10_xr0tx")]
transform = Transform3D(1, 0, 0, 0, 1, 0, 0, 0, 1, 57.6714, -9.30942, -89.4838)

[node name="tree9" parent="Environment/Decorations" index="35" instance=ExtResource("10_xr0tx")]
transform = Transform3D(1, 0, 0, 0, 1, 0, 0, 0, 1, -27.8733, -7.5811, -89.9783)

[node name="tree10" parent="Environment/Decorations" index="36" instance=ExtResource("10_xr0tx")]
transform = Transform3D(1, 0, 0, 0, 1, 0, 0, 0, 1, -132.208, -14.859, -26.6852)

[node name="tree11" parent="Environment/Decorations" index="37" instance=ExtResource("10_xr0tx")]
transform = Transform3D(1, 0, 0, 0, 1, 0, 0, 0, 1, -106.99, -13.5991, 72.2104)

[node name="tree12" parent="Environment/Decorations" index="38" instance=ExtResource("10_xr0tx")]
transform = Transform3D(1, 0, 0, 0, 1, 0, 0, 0, 1, -13.0389, -4.9337, 86.0557)

[node name="tree13" parent="Environment/Decorations" index="39" instance=ExtResource("10_xr0tx")]
transform = Transform3D(1, 0, 0, 0, 1, 0, 0, 0, 1, -79.7934, -6.26931, 20.2902)

[node name="tree14" parent="Environment/Decorations" index="40" instance=ExtResource("10_xr0tx")]
transform = Transform3D(1, 0, 0, 0, 1, 0, 0, 0, 1, -86.2217, -17.7087, -114.702)

[node name="tree15" parent="Environment/Decorations" index="41" instance=ExtResource("10_xr0tx")]
transform = Transform3D(1, 0, 0, 0, 1, 0, 0, 0, 1, 26.5192, -18.1742, -151.294)

[node name="tree16" parent="Environment/Decorations" index="42" instance=ExtResource("10_xr0tx")]
transform = Transform3D(1, 0, 0, 0, 1, 0, 0, 0, 1, 143.71, -17.3045, 58.8595)

[node name="tree17" parent="Environment/Decorations" index="43" instance=ExtResource("10_xr0tx")]
transform = Transform3D(1, 0, 0, 0, 1, 0, 0, 0, 1, 88.3289, -17.3882, 118.197)

[node name="tree18" parent="Environment/Decorations" index="44" instance=ExtResource("10_xr0tx")]
transform = Transform3D(1, 0, 0, 0, 1, 0, 0, 0, 1, -36.3764, -17.5582, 145.594)

[node name="CloudsHandler" parent="Environment" index="5" instance=ExtResource("7_xqlvx")]
transform = Transform3D(1, 0, 0, 0, 1, 0, 0, 0, 1, 0, 33.521, 0)

[node name="XROrigin3D" parent="." index="1"]
current = true

[node name="Skeleton3D" parent="XROrigin3D/LeftController/LeftPhysicsHand/Hand_Nails_low_L/Armature" index="0"]
bones/0/scale = Vector3(1, 1, 1)
bones/1/scale = Vector3(1, 1, 1)
bones/2/scale = Vector3(1, 1, 1)
bones/4/rotation = Quaternion(-0.0757687, -0.019257, -0.0337124, 0.996369)
bones/4/scale = Vector3(1, 1, 1)
bones/5/scale = Vector3(1, 1, 1)
bones/6/scale = Vector3(1, 1, 1)
bones/7/scale = Vector3(1, 1, 1)
bones/9/rotation = Quaternion(-0.0522884, -0.000557213, 0.103621, 0.993241)
bones/14/rotation = Quaternion(0.0136882, 7.99239e-05, 0.168411, 0.985622)
bones/14/scale = Vector3(1, 1, 1)
bones/16/scale = Vector3(1, 1, 1)
bones/17/scale = Vector3(1, 1, 1)
bones/18/scale = Vector3(1, 1, 1)
bones/19/rotation = Quaternion(0.0330517, -0.00671975, 0.126351, 0.991412)
bones/19/scale = Vector3(1, 1, 1)
bones/20/scale = Vector3(1, 1, 1)
bones/23/scale = Vector3(1, 1, 1)

[node name="BoneThumbMetacarpal" parent="XROrigin3D/LeftController/LeftPhysicsHand/Hand_Nails_low_L/Armature/Skeleton3D" index="2"]
transform = Transform3D(0.998519, 0.0514604, -0.017651, -0.017651, 0.613335, 0.789626, 0.0514604, -0.788145, 0.613335, 0.00999954, 0.0200266, 3.59304e-05)

[node name="BoneIndexMetacarpal" parent="XROrigin3D/LeftController/LeftPhysicsHand/Hand_Nails_low_L/Armature/Skeleton3D" index="5"]
transform = Transform3D(0.999165, 0.0336562, -0.0231681, 0.0231985, -0.00051113, 0.999731, 0.0336353, -0.999433, -0.00129148, -0.0100005, 0.0224317, 3.59267e-05)

[node name="BoneIndexMiddle" parent="XROrigin3D/LeftController/LeftPhysicsHand/Hand_Nails_low_L/Armature/Skeleton3D" index="7"]
transform = Transform3D(0.759851, 0.644453, -0.0854741, -0.040588, 0.178251, 0.983148, 0.648829, -0.743577, 0.161601, -0.00569705, 0.0301916, -0.117561)

[node name="BoneMiddleMetacarpal" parent="XROrigin3D/LeftController/LeftPhysicsHand/Hand_Nails_low_L/Armature/Skeleton3D" index="9"]
transform = Transform3D(0.999918, -0.0127165, -0.00125617, 0.000365489, -0.0698022, 0.997561, -0.0127732, -0.99748, -0.0697919, -0.0100005, 0.00355416, 3.59267e-05)

[node name="BoneRingMetacarpal" parent="XROrigin3D/LeftController/LeftPhysicsHand/Hand_Nails_low_L/Armature/Skeleton3D" index="13"]
transform = Transform3D(0.998609, 0.047074, 0.0237409, -0.0169882, -0.138981, 0.990149, 0.0499098, -0.989175, -0.137988, -0.0100005, -0.0130734, 3.59286e-05)

[node name="BoneRingMiddle" parent="XROrigin3D/LeftController/LeftPhysicsHand/Hand_Nails_low_L/Armature/Skeleton3D" index="15"]
transform = Transform3D(0.772579, 0.634603, 0.0200164, 0.0794845, -0.127948, 0.988591, 0.629924, -0.762173, -0.149291, 0.000778396, -0.0314857, -0.111722)

[node name="BonePinkyMetacarpal" parent="XROrigin3D/LeftController/LeftPhysicsHand/Hand_Nails_low_L/Armature/Skeleton3D" index="17"]
transform = Transform3D(0.998969, 0.0165318, 0.0422887, -0.0385953, -0.181426, 0.982647, 0.0239172, -0.983265, -0.180601, -4.58211e-07, -0.0299734, 3.59286e-05)

[node name="BonePinkyMiddle" parent="XROrigin3D/LeftController/LeftPhysicsHand/Hand_Nails_low_L/Armature/Skeleton3D" index="19"]
transform = Transform3D(0.699331, 0.713816, 0.0374602, 0.103947, -0.153407, 0.982681, 0.7072, -0.683325, -0.181481, 0.00901247, -0.0520231, -0.0951004)

[node name="AnimationTree" parent="XROrigin3D/LeftController/LeftPhysicsHand" index="1"]
tree_root = SubResource("AnimationNodeBlendTree_hag8u")

[node name="MovementDirect2" parent="XROrigin3D/LeftController" index="3"]
enabled = false

[node name="Skeleton3D" parent="XROrigin3D/RightController/RightPhysicsHand/Hand_Nails_low_R/Armature" index="0"]
bones/0/scale = Vector3(1, 1, 1)
bones/1/scale = Vector3(1, 1, 1)
bones/2/scale = Vector3(1, 1, 1)
bones/4/rotation = Quaternion(-0.0757687, 0.019257, 0.0337124, 0.996369)
bones/4/scale = Vector3(1, 1, 1)
bones/5/scale = Vector3(1, 1, 1)
bones/6/scale = Vector3(1, 1, 1)
bones/7/scale = Vector3(1, 1, 1)
bones/9/rotation = Quaternion(-0.0522884, 0.000557213, -0.103621, 0.993241)
bones/14/rotation = Quaternion(0.0136882, -7.99239e-05, -0.168411, 0.985622)
bones/14/scale = Vector3(1, 1, 1)
bones/16/scale = Vector3(1, 1, 1)
bones/17/scale = Vector3(1, 1, 1)
bones/18/scale = Vector3(1, 1, 1)
bones/19/rotation = Quaternion(0.0330517, 0.00671975, -0.126351, 0.991412)
bones/19/scale = Vector3(1, 1, 1)
bones/20/scale = Vector3(1, 1, 1)
bones/23/scale = Vector3(1, 1, 1)

[node name="BoneThumbMetacarpal" parent="XROrigin3D/RightController/RightPhysicsHand/Hand_Nails_low_R/Armature/Skeleton3D" index="2"]
transform = Transform3D(0.998519, -0.0514604, 0.017651, 0.017651, 0.613335, 0.789626, -0.0514604, -0.788145, 0.613335, -0.00999954, 0.0200266, 3.59304e-05)

[node name="BoneIndexMetacarpal" parent="XROrigin3D/RightController/RightPhysicsHand/Hand_Nails_low_R/Armature/Skeleton3D" index="5"]
transform = Transform3D(0.999165, -0.0336562, 0.0231681, -0.0231985, -0.00051113, 0.999731, -0.0336353, -0.999433, -0.00129148, 0.0100005, 0.0224317, 3.59267e-05)

[node name="BoneIndexProximal" parent="XROrigin3D/RightController/RightPhysicsHand/Hand_Nails_low_R/Armature/Skeleton3D" index="6"]
transform = Transform3D(0.997821, -0.0419385, 0.0509327, -0.0413169, 0.204661, 0.97796, -0.0514381, -0.977934, 0.202483, 0.00729559, 0.0223907, -0.0802861)

[node name="BoneIndexMiddle" parent="XROrigin3D/RightController/RightPhysicsHand/Hand_Nails_low_R/Armature/Skeleton3D" index="7"]
transform = Transform3D(0.759851, -0.644454, 0.0854741, 0.0405881, 0.178251, 0.983148, -0.648829, -0.743577, 0.161601, 0.00569705, 0.0301916, -0.117561)

[node name="BoneMiddleMetacarpal" parent="XROrigin3D/RightController/RightPhysicsHand/Hand_Nails_low_R/Armature/Skeleton3D" index="9"]
transform = Transform3D(0.999918, 0.0127165, 0.00125617, -0.000365489, -0.0698022, 0.997561, 0.0127732, -0.99748, -0.0697919, 0.0100005, 0.00355416, 3.59267e-05)

[node name="BoneRingMetacarpal" parent="XROrigin3D/RightController/RightPhysicsHand/Hand_Nails_low_R/Armature/Skeleton3D" index="13"]
transform = Transform3D(0.998609, -0.047074, -0.0237409, 0.0169882, -0.138981, 0.990149, -0.0499098, -0.989175, -0.137988, 0.0100005, -0.0130734, 3.59286e-05)

[node name="BoneRingMiddle" parent="XROrigin3D/RightController/RightPhysicsHand/Hand_Nails_low_R/Armature/Skeleton3D" index="15"]
transform = Transform3D(0.772579, -0.634603, -0.0200164, -0.0794844, -0.127948, 0.988591, -0.629924, -0.762173, -0.149291, -0.000778397, -0.0314857, -0.111722)

[node name="BonePinkyMetacarpal" parent="XROrigin3D/RightController/RightPhysicsHand/Hand_Nails_low_R/Armature/Skeleton3D" index="17"]
transform = Transform3D(0.998969, -0.0165318, -0.0422887, 0.0385953, -0.181426, 0.982647, -0.0239172, -0.983265, -0.180601, 4.58211e-07, -0.0299734, 3.59286e-05)

[node name="BonePinkyMiddle" parent="XROrigin3D/RightController/RightPhysicsHand/Hand_Nails_low_R/Armature/Skeleton3D" index="19"]
transform = Transform3D(0.699331, -0.713816, -0.0374602, -0.103947, -0.153407, 0.982681, -0.7072, -0.683325, -0.181481, -0.00901247, -0.0520231, -0.0951004)

[node name="AnimationTree" parent="XROrigin3D/RightController/RightPhysicsHand" index="1"]
tree_root = SubResource("AnimationNodeBlendTree_s7k5r")

[node name="MovementCrouch" parent="XROrigin3D/RightController" index="4"]
enabled = false

[node name="WaveHandler" parent="." index="2" instance=ExtResource("14_o4yo6")]
unique_name_in_owner = true

[node name="TowerBuilder" parent="." index="3" instance=ExtResource("4_m818r")]

[node name="Camera3D" type="Camera3D" parent="." index="4"]
current = true
script = ExtResource("12_rqj5e")

[node name="MusicChanger" parent="." index="5" instance=ExtResource("14_arnqq")]
music_state = 2

[connection signal="waves_ended" from="WaveHandler" to="." method="_on_wave_handler_waves_ended"]
[connection signal="tower_built" from="TowerBuilder" to="WaveHandler" method="_on_tower_builder_tower_built"]

[editable path="XROrigin3D"]
[editable path="XROrigin3D/LeftController/LeftPhysicsHand"]
[editable path="XROrigin3D/LeftController/LeftPhysicsHand/Hand_Nails_low_L"]
[editable path="XROrigin3D/RightController/RightPhysicsHand"]
[editable path="XROrigin3D/RightController/RightPhysicsHand/Hand_Nails_low_R"]
